13 : 117240 122117 79041 96313 97518 68105 121621 82634 106551 82752 33662 53358 111169
14 : 121621 120482 111726 120345 92007 115216 90054 68124 79928 79080 102696 69393 112961 24178

4 : 27825 66132 33192 90382
6 : 110146 103472 27070 77746 54712 57099
5 : 119809 70465 6467 60024 55621
7 : 113077 41689 82933 58843 78025 106599 9823
8 : 97382 68155 90406 89337 93486 115628 81244 63279
3 : 102936 56546 40730
9 : 113097 121638 79778 117916 99144 97384 111470 74618 111277
11 : 78519 42786 51317 67755 120917 92350 72943 96059 105435 119982 55794
2 : 80386 50167
10 : 85429 113207 87420 108426 83203 120076 105360 70087 35118 43342
12 : 109286 115642 82520 97398 103538 97524 79980 36614 83198 72249 62853 28267
13 : 97522 106973 68147 113077 93459 119672 79011 109287 87097 81471 103303 51565 80259
14 : 120479 109334 95283 115627 100887 89044 93550 99071 120149 121966 79144 35383 55145 49544
15 : 106985 96039 108457 116143 106355 91976 93702 105576 93486 59746 99056 78554 48226 110658 51830
16 : 119824 94493 110231 81606 93543 94300 108799 97405 90991 120153 102772 122073 118269 95953 60828 30636
17 : 110298 76356 105554 99276 83995 92811 99171 80802 95696 96973 99726 74712 105314 118269 122278 55902 27504
18 : 109365 116648 107043 66116 110287 106900 85323 112512 109180 93112 116512 99366 86011 79931 82319 120250 99054 39359
19 : 113254 110299 107043 110269 110081 106979 99672 106484 105392 96131 90666 118262 96612 113187 68149 92953 82379 105249 78303
