1 2 4
1 0
0 1
3 2
2 3
2 2 4
3 1
2 0
0 2
1 3
3 2 4
3 0
2 1
1 2
0 3
4 2 9
1 1
0 2
2 2
0 1
0 0
2 3
1 3
3 3
0 3
5 2 10
1 1
0 2
2 2
0 1
0 0
2 3
1 3
1 2
3 3
0 3
6 2 10
1 1
0 2
2 2
0 1
1 3
0 0
3 2
3 3
1 2
0 3
7 2 9
1 1
0 2
2 2
0 1
0 0
3 2
3 3
1 2
0 3
8 2 10
2 1
1 1
0 2
2 2
0 1
0 0
1 3
2 3
3 3
0 3
9 2 10
3 1
1 1
2 1
0 2
2 2
0 1
2 3
0 0
3 3
0 3
10 2 9
3 1
1 1
2 1
0 2
2 2
0 1
0 0
3 3
0 3
11 2 10
3 1
1 1
0 2
2 2
0 1
0 0
3 2
3 3
1 2
0 3
12 2 10
3 1
1 1
2 1
0 2
2 2
0 1
3 2
0 0
3 3
0 3
13 2 10
0 2
1 1
2 2
1 0
0 0
2 3
1 3
3 3
1 2
0 3
14 2 9
1 1
2 2
1 0
0 0
2 3
1 3
3 3
1 2
0 3
15 2 10
1 1
0 2
2 2
1 0
0 0
3 2
1 3
3 3
1 2
0 3
16 2 9
1 1
0 2
2 2
1 0
0 0
3 2
1 3
3 3
1 2
17 2 10
2 0
1 1
2 2
1 0
0 0
2 3
1 3
3 3
1 2
0 3
18 2 10
3 0
1 1
0 2
2 2
1 0
0 0
3 2
1 3
3 3
1 2
19 2 10
2 0
1 1
2 1
0 1
2 2
0 0
1 3
2 3
3 3
0 3
20 2 9
2 0
1 1
2 1
2 2
0 0
1 3
2 3
3 3
0 3
21 2 10
2 0
1 1
2 1
1 0
2 2
0 0
1 3
2 3
3 3
0 3
22 4 64
3 0 2 1
3 1 1 3
1 0 3 2
2 0 2 0
0 2 1 3
2 1 2 1
0 1 1 0
1 2 0 3
2 1 1 2
2 3 2 3
0 3 2 1
2 0 1 3
3 3 0 0
0 0 1 1
1 0 2 3
3 1 2 0
1 3 0 2
1 1 0 0
3 0 3 0
0 2 0 2
3 2 2 3
0 1 0 1
1 0 0 1
1 0 1 0
1 3 3 1
3 3 3 3
2 1 0 3
2 3 3 2
0 3 3 0
0 0 0 0
3 2 3 2
2 0 0 2
3 1 3 1
0 1 3 2
0 3 0 3
1 1 1 1
1 2 3 0
1 1 3 3
0 2 3 1
2 2 0 0
2 2 3 3
2 3 0 1
3 3 2 2
1 2 2 1
0 0 3 3
1 3 2 0
0 1 2 3
3 2 0 1
0 3 1 2
3 0 1 2
0 2 2 0
1 1 2 2
2 0 3 1
2 2 1 1
2 1 3 0
3 1 0 2
2 2 2 2
2 3 1 0
3 3 1 1
1 3 1 3
1 2 1 2
3 0 0 3
0 0 2 2
3 2 1 0
23 2 10
3 1
2 1
1 1
2 2
3 2
2 3
1 3
0 0
3 3
1 2
24 2 10
3 0
2 0
1 1
0 2
2 2
3 2
2 3
0 0
3 3
0 3
25 2 8
1 1
2 2
1 0
0 1
3 2
2 3
0 0
3 3
26 2 6
1 1
2 2
3 2
2 3
0 0
3 3
27 2 10
3 1
3 0
1 1
2 2
1 0
0 1
1 3
0 0
3 3
0 3
28 2 8
3 1
2 0
1 1
0 2
2 2
1 3
0 0
3 3
29 2 6
3 1
1 1
2 2
1 3
0 0
3 3
30 2 8
3 0
2 1
1 1
2 2
0 0
3 3
1 2
0 3
31 2 10
2 0
2 1
1 1
0 2
2 2
1 0
0 1
0 0
3 3
1 2
32 2 6
2 1
1 1
2 2
0 0
3 3
1 2
33 2 6
3 0
1 1
2 2
0 0
3 3
0 3
34 2 6
2 0
1 1
0 2
2 2
0 0
3 3
35 2 6
1 1
2 2
1 0
0 1
0 0
3 3
36 1 2
1
0
37 1 3
3
1
0
38 1 2
2
0
39 1 3
3
2
0
40 1 2
3
0
41 1 2
1
2
42 1 3
1
2
0
43 1 2
3
1
44 1 1
2
45 1 1
3
46 1 1
0
47 1 1
1
48 1 2
3
2
49 1 3
3
1
2
50 2 10
3 1
3 0
1 1
2 2
0 0
3 2
1 3
2 3
3 3
0 3
51 2 12
2 0
3 0
2 1
1 1
0 2
2 2
1 0
0 1
0 0
1 2
3 3
0 3
52 2 10
2 0
1 1
2 1
0 2
2 2
0 0
3 2
2 3
3 3
1 2
53 2 14
2 0
2 1
2 2
3 2
2 3
3 3
3 0
0 2
1 1
0 1
1 0
0 0
1 2
0 3
54 2 10
3 1
1 1
2 1
2 2
1 0
0 1
0 0
1 3
3 3
1 2
55 2 14
2 0
2 2
3 2
2 3
3 3
3 1
3 0
0 2
1 1
0 1
1 0
0 0
1 3
0 3
56 2 14
2 0
2 1
2 2
3 2
2 3
3 3
3 1
1 1
0 2
0 1
1 0
1 3
0 0
1 2
57 2 14
2 1
2 2
3 2
2 3
3 3
3 1
3 0
1 1
0 1
1 0
1 3
0 0
1 2
0 3
58 2 10
2 0
3 0
1 1
0 2
2 2
1 0
0 1
0 0
3 3
0 3
59 2 14
2 0
2 1
2 2
2 3
3 2
3 3
3 1
3 0
0 2
1 1
1 3
0 0
1 2
0 3
60 2 12
3 1
3 0
2 1
1 1
2 2
0 0
3 2
1 3
2 3
1 2
3 3
0 3
61 2 14
2 0
2 1
2 2
3 3
3 1
3 0
0 2
1 1
0 1
1 0
0 0
1 3
1 2
0 3
62 2 12
3 1
2 0
3 0
0 2
1 1
2 2
0 0
3 2
1 3
2 3
3 3
0 3
63 2 12
3 1
2 0
1 1
2 1
0 2
2 2
1 3
0 0
3 2
2 3
3 3
1 2
64 2 12
3 1
3 0
1 1
0 1
1 0
2 2
0 0
3 2
1 3
2 3
3 3
0 3
65 2 12
3 0
2 0
1 1
2 1
0 2
2 2
0 0
3 2
2 3
3 3
1 2
0 3
66 2 12
3 1
1 1
2 1
2 2
1 0
0 1
3 2
2 3
0 0
1 3
3 3
1 2
67 2 12
2 0
1 1
2 1
0 2
1 0
0 1
2 2
0 0
3 2
2 3
3 3
1 2
68 2 12
2 0
3 0
1 1
0 2
2 2
1 0
0 1
3 2
2 3
0 0
3 3
0 3
69 2 12
3 1
3 0
1 1
2 1
2 2
1 0
0 1
0 0
1 3
3 3
1 2
0 3
70 2 12
3 1
2 0
3 0
1 1
0 2
2 2
1 0
0 1
1 3
0 0
3 3
0 3
71 2 12
3 1
2 0
0 2
1 1
2 1
2 2
1 0
0 1
0 0
1 3
3 3
1 2
72 3 58
2 3 0
0 2 3
3 3 1
3 3 2
3 3 3
1 3 0
1 3 1
1 2 2
0 3 1
0 3 0
0 3 3
0 3 2
2 2 2
2 2 1
2 2 3
3 0 0
3 0 1
2 2 0
3 0 2
0 1 2
3 0 3
0 1 3
2 0 3
2 0 1
1 2 0
2 0 2
1 2 1
2 0 0
1 1 3
1 1 2
1 1 1
0 2 2
0 2 1
0 2 0
2 1 2
2 1 1
2 1 0
3 1 3
3 1 0
3 1 1
0 0 2
0 0 1
1 1 0
0 0 3
1 0 1
1 0 0
0 1 0
1 0 3
0 1 1
1 0 2
3 2 2
3 2 3
3 2 0
0 0 0
3 3 0
2 3 3
2 3 2
1 3 3
73 3 58
2 3 1
3 3 1
3 3 2
3 3 3
1 3 0
1 3 1
1 3 2
1 2 3
1 2 2
0 3 1
0 3 0
0 3 3
2 2 2
2 2 1
2 2 3
3 0 0
3 0 1
2 2 0
0 1 2
3 0 3
0 1 3
2 0 1
1 2 0
2 0 2
1 2 1
2 0 0
1 1 3
1 1 2
1 1 1
0 2 2
0 2 1
0 2 0
2 1 3
2 1 2
2 1 1
2 1 0
3 1 3
3 1 0
3 1 1
3 1 2
0 0 2
0 0 1
1 1 0
0 0 3
1 0 1
1 0 0
0 1 0
1 0 3
0 1 1
1 0 2
3 2 2
3 2 3
3 2 1
0 0 0
3 3 0
2 3 3
2 3 2
1 3 3
74 3 58
2 3 0
2 3 1
0 2 3
3 3 1
3 3 2
3 3 3
1 3 0
1 3 1
1 3 2
1 2 3
1 2 2
0 3 1
0 3 0
0 3 3
0 3 2
2 2 2
2 2 1
2 2 3
3 0 0
3 0 1
2 2 0
3 0 2
3 0 3
0 1 3
2 0 3
2 0 2
1 2 1
2 0 0
1 1 3
1 1 2
1 1 1
0 2 2
0 2 0
2 1 3
2 1 2
2 1 1
3 1 3
3 1 0
3 1 1
3 1 2
0 0 2
0 0 1
1 1 0
0 0 3
1 0 1
1 0 0
0 1 0
1 0 3
0 1 1
3 2 2
3 2 3
3 2 0
3 2 1
0 0 0
3 3 0
2 3 3
2 3 2
1 3 3
75 3 58
2 3 0
2 3 1
0 2 3
3 3 1
3 3 2
3 3 3
1 3 1
1 3 2
1 2 3
1 2 2
0 3 0
0 3 3
0 3 2
2 2 2
2 2 1
2 2 3
3 0 0
2 2 0
3 0 2
0 1 2
3 0 3
2 0 3
2 0 1
1 2 0
2 0 2
1 2 1
2 0 0
1 1 3
1 1 2
1 1 1
0 2 2
0 2 1
0 2 0
2 1 3
2 1 2
2 1 1
2 1 0
3 1 3
3 1 1
3 1 2
0 0 2
0 0 1
1 1 0
0 0 3
1 0 1
1 0 0
0 1 0
1 0 2
0 1 1
3 2 2
3 2 3
3 2 0
3 2 1
0 0 0
3 3 0
2 3 3
2 3 2
1 3 3
76 3 52
2 3 0
2 3 1
0 2 3
3 3 1
3 3 2
3 3 3
1 3 1
1 3 2
1 2 3
1 2 2
0 3 0
0 3 3
0 3 2
2 2 2
2 2 1
2 2 3
3 0 0
2 2 0
3 0 2
3 0 3
2 0 3
1 2 1
2 0 2
2 0 0
1 1 3
1 1 2
1 1 1
0 2 2
0 2 0
2 1 3
2 1 2
2 1 1
3 1 3
3 1 1
3 1 2
0 0 2
0 0 1
1 1 0
0 0 3
1 0 1
1 0 0
0 1 0
0 1 1
3 2 2
3 2 3
3 2 0
3 2 1
0 0 0
3 3 0
2 3 3
2 3 2
1 3 3
77 3 52
2 3 1
3 3 1
3 3 2
3 3 3
1 3 0
1 3 1
1 3 2
1 2 3
1 2 2
0 3 1
0 3 0
0 3 3
2 2 2
2 2 1
2 2 3
3 0 0
3 0 1
2 2 0
3 0 3
0 1 3
1 2 1
2 0 2
2 0 0
1 1 3
1 1 2
1 1 1
0 2 2
0 2 0
2 1 3
2 1 2
2 1 1
3 1 3
3 1 0
3 1 1
3 1 2
0 0 2
0 0 1
1 1 0
0 0 3
1 0 1
1 0 0
0 1 0
1 0 3
0 1 1
3 2 2
3 2 3
3 2 1
0 0 0
3 3 0
2 3 3
2 3 2
1 3 3
78 3 52
2 3 1
3 3 1
3 3 2
3 3 3
1 3 1
1 3 2
1 2 3
1 2 2
0 3 0
0 3 3
2 2 2
2 2 1
2 2 3
3 0 0
2 2 0
0 1 2
3 0 3
2 0 1
1 2 0
1 2 1
2 0 2
2 0 0
1 1 3
1 1 2
1 1 1
0 2 2
0 2 1
0 2 0
2 1 3
2 1 2
2 1 1
2 1 0
3 1 3
3 1 1
3 1 2
0 0 2
0 0 1
1 1 0
0 0 3
1 0 1
1 0 0
0 1 0
0 1 1
1 0 2
3 2 2
3 2 3
3 2 1
0 0 0
3 3 0
2 3 3
2 3 2
1 3 3
79 3 52
2 3 0
0 2 3
3 3 1
3 3 2
3 3 3
1 3 0
1 3 1
1 2 2
0 3 1
0 3 0
0 3 3
0 3 2
2 2 2
2 2 1
2 2 3
3 0 0
3 0 1
2 2 0
3 0 2
3 0 3
0 1 3
2 0 3
1 2 1
2 0 2
2 0 0
1 1 3
1 1 2
1 1 1
0 2 2
0 2 0
2 1 2
2 1 1
3 1 3
3 1 0
3 1 1
0 0 2
0 0 1
1 1 0
0 0 3
1 0 1
1 0 0
0 1 0
1 0 3
0 1 1
3 2 2
3 2 3
3 2 0
0 0 0
3 3 0
2 3 3
2 3 2
1 3 3
80 3 52
2 3 0
0 2 3
3 3 1
3 3 2
3 3 3
1 3 1
1 2 2
0 3 0
0 3 3
0 3 2
2 2 2
2 2 1
2 2 3
3 0 0
2 2 0
3 0 2
0 1 2
3 0 3
2 0 3
2 0 1
1 2 0
1 2 1
2 0 2
2 0 0
1 1 3
1 1 2
1 1 1
0 2 2
0 2 1
0 2 0
2 1 2
2 1 1
2 1 0
3 1 3
3 1 1
0 0 2
0 0 1
1 1 0
0 0 3
1 0 1
1 0 0
0 1 0
0 1 1
1 0 2
3 2 2
3 2 3
3 2 0
0 0 0
3 3 0
2 3 3
2 3 2
1 3 3
81 3 52
3 3 1
3 3 2
3 3 3
1 3 0
1 3 1
1 2 2
0 3 1
0 3 0
0 3 3
2 2 2
2 2 1
2 2 3
3 0 0
3 0 1
2 2 0
0 1 2
3 0 3
0 1 3
2 0 1
1 2 0
1 2 1
2 0 2
2 0 0
1 1 3
1 1 2
1 1 1
0 2 2
0 2 1
0 2 0
2 1 2
2 1 1
2 1 0
3 1 3
3 1 0
3 1 1
0 0 2
0 0 1
1 1 0
0 0 3
1 0 1
1 0 0
0 1 0
1 0 3
0 1 1
1 0 2
3 2 2
3 2 3
0 0 0
3 3 0
2 3 3
2 3 2
1 3 3
82 4 232
0 2 1 0
0 2 1 1
0 0 2 0
0 2 1 2
0 1 1 3
0 1 1 1
0 1 1 2
0 1 1 0
0 0 1 3
3 3 0 0
0 0 1 2
0 0 1 1
3 3 0 1
0 0 1 0
3 3 0 2
3 3 0 3
0 2 0 0
0 2 0 1
0 2 0 2
0 2 0 3
0 1 0 2
0 1 0 3
0 1 0 0
0 1 0 1
0 0 0 0
0 0 0 2
0 0 0 1
0 0 0 3
0 3 0 0
0 3 0 1
0 3 0 2
0 3 0 3
0 2 3 2
0 2 3 3
0 2 3 0
2 2 3 2
2 2 3 3
0 0 3 3
0 0 3 2
0 2 2 3
0 3 1 3
0 3 1 1
0 0 3 0
0 0 3 1
0 3 1 0
0 2 2 0
0 2 2 1
0 2 2 2
2 0 3 2
2 0 3 3
2 0 3 0
2 2 2 3
2 2 2 1
2 2 2 2
2 2 3 1
2 2 3 0
2 0 2 3
0 0 2 2
0 0 2 1
0 0 2 3
2 0 2 0
2 0 2 2
2 0 2 1
2 1 2 1
2 1 2 0
2 1 1 1
2 1 1 2
2 1 1 3
2 0 1 2
1 1 0 1
1 1 0 2
1 1 0 0
2 0 1 1
2 0 1 0
1 1 0 3
2 1 1 0
1 0 0 2
1 0 0 3
1 0 0 0
1 0 0 1
1 0 1 0
2 1 0 2
2 1 0 0
2 1 0 1
2 0 0 3
2 0 0 1
2 0 0 2
0 1 3 3
2 0 0 0
0 1 3 1
1 1 1 0
1 1 1 1
1 1 1 2
1 1 3 2
1 1 3 3
1 1 1 3
2 1 3 3
1 1 2 0
0 1 2 1
0 1 2 0
0 1 2 2
1 1 2 3
1 1 2 1
1 1 2 2
2 1 3 2
2 1 3 1
2 1 2 2
2 1 2 3
1 1 3 1
1 1 3 0
0 1 3 0
3 1 1 2
3 1 1 3
1 0 3 0
1 0 3 1
1 0 2 2
3 1 2 2
3 1 2 1
1 0 2 0
1 0 2 1
3 1 2 3
1 3 3 1
1 3 3 0
1 3 3 3
1 3 3 2
3 1 3 3
1 2 3 2
1 2 3 1
3 1 3 2
1 0 1 3
3 1 3 1
1 0 1 2
1 2 3 3
1 0 1 1
3 1 3 0
3 2 3 3
2 2 0 3
2 2 0 0
2 2 0 2
2 2 0 1
1 2 2 3
1 2 2 2
1 2 2 1
1 2 2 0
2 2 1 3
2 2 1 2
2 2 1 1
2 2 1 0
2 2 2 0
1 2 1 0
1 2 1 2
1 0 3 3
1 2 1 1
1 2 1 3
3 0 2 0
3 0 2 3
3 0 2 2
3 2 1 2
3 2 1 1
3 2 1 3
2 3 3 0
1 2 0 2
1 2 0 0
2 3 2 1
1 2 0 1
2 3 2 0
2 3 2 3
2 3 2 2
1 3 0 0
0 3 2 0
3 2 2 0
3 2 2 1
1 3 0 3
3 0 1 3
0 3 2 3
1 3 0 1
0 3 2 2
3 0 3 3
3 0 3 2
3 0 3 1
3 0 3 0
3 2 2 3
3 2 2 2
3 3 3 2
3 3 3 3
2 3 3 3
2 3 3 2
2 3 3 1
0 3 3 0
3 2 3 1
3 2 3 2
0 3 3 2
3 2 3 0
0 3 3 1
0 3 3 3
3 0 0 1
3 0 0 0
3 3 3 1
3 3 3 0
2 3 0 0
3 1 0 0
3 3 2 1
2 3 0 3
2 3 0 2
3 3 2 2
3 3 2 3
1 3 2 3
1 3 2 1
1 3 2 2
3 2 0 3
3 2 0 2
3 2 0 0
3 0 1 1
3 0 1 0
3 3 2 0
3 1 0 3
3 1 0 1
3 1 1 0
2 3 1 2
2 3 1 1
3 1 1 1
3 3 1 2
3 3 1 3
3 3 1 0
2 3 1 3
3 3 1 1
1 3 1 2
1 3 1 3
3 0 0 2
3 0 0 3
1 3 1 0
1 3 1 1
0 0 0
